00000000000000000000000000000000000000000000000000000001100000000010000000000000000000000000000000000000000000000000000000000
00000000000011100000000111000000001100000000000000000000000000000000000000000000000000000000000000000000000000000000000000000
00000000000000000000000000000010000000010100000000101000000001010000000001100000000000000000000000000000000000000000000000000
00000000000000000000000000000000000000000000000000000000000000000000000000000000000111000000011100000000111000000000000000000
00000000000000000000000000000000000000000000000000000000000000000000000000000000000000110000000011100000000111000000000000000
00000000010000000000100000000001000000000010000000000100000000001000000000000000000000000000000000000000000000000000000000000
00000000000000000000000000000000000000000000000000000000000000000000000000000000000000000000000000000000000000000000001110000
00000000000000000000010000000000100000000001000000000000000000000000000000000000000000000000000000000000000000000000000000000
00000000000000000000001000000000010000000000000000000000000000000000000000000000000000000000000000000000000000000000000000000
00000000000000000000000000000000000000000000000000000000000000000000000000000000000000000000000000000000000000000000000000001
00000000000000000000000000000100000000001000000000010000000000100000000010000000001000000001100000000000000000000000000000000
00000000000000000000000000000000000000000000000000000000000000000000000000000000000000000000000000000000000000000000000001000
01110000000000000000000000000000000000000000000000000000000000000000000000000000000000000000000000000000000000000000000000000
00000000000100000000000000000000000000000000000000000000000000000000000000000000000000000000000000000000000000000000000000000
10000000000000000000000000000000000000000000000000000000000000000000000000000000000000000000000000000000000000000000000000000
00000000000000000000000000000000000000000000000000000010000000000100000000011000000000000000000000000000000000000000000000000
00000000000000000000000000000000000000000000000000000000000000000000000000000000000000000000000000000000000000000000000000100
00000000000000000000000000000000000000000000000000000000010000000001100000000111000000001110000000000000000000000000000000000
00001110000000011110000000111000000000000000000000000000000000000000000000000000000000000000000000000000000000000000000000000
00000000000000000000000000000000000000000000100000000000000000000000000000000000000000000000000000000000000000100000000000000
00000000000000000000000000000000000000000000000000000000000000000000000000000000000000000000000000000000000000000000000000010
00000001100000000001000000000000000000000000000000000000000000000000000000000000000000000000000000011100000000011000000000000
00000000000000000000000000000000000000000000000001000000001110000000011100000000110000000000000000000000000000000000000000000
00000000000000000000000000000000000011100000011110000000000000000000000000000000000000000000000000000000000000000000000000000
00000000001000000000000000000000000000000000000000000000000000000000000000000000000000000000000000000000000000000000000000000
00000000000000000000000000000000000000000000000000000000000000000000000000000000000000000000000000000011000000000111110000000
