00000000010000000000
00111011000011001111
01101011110010001011
10111010010011100000
01011100001101101101
00101010001001000011
11101110111000001001
10101101010001100010
10010001011011100010
00111111011111100001
11100111101110100000
00100110010010001001
11110011001110100010
10011001100011010100
10101100010100011100
00100001000001001001
11111011001000010011
01010100001011111011
01011001010100100101
00011110101010111010
10111011101111100100
00001111010000100111
00000110100000001100
01010001100011010011
01100100110110101000
11001010110010110000
11011110000110110100
11010101110000111001
11001101101000011110
01010011111001110111
01100101011001101110
11001100011001010111
00110100000110110011
01011011101111010000
11100010001101001001
11111110010000110111
00110000001101111010
00000110100101000011
00001010001110010111
01001000101011010011
00100010111110100100
00111011010101001110
11000101001100010110
11000001001010011000
01000010011001001010
00011000010010001000
11000000100011000110
00111000010010111100
01111010011011100100
00110101011010011101
00011110100001011111
01000001011111100001
00101100011100100110
11001100100010000010
11000001011000000011
10011111110010110110
10010001100101000010
10011111010011101110
00110101001110010111
00110011001011011000
01111101100000111111
00011000011101110010
11111101001101101100
11010010011010001010
10010001101101111111
10110000100100001100
10011000001110111101
11000010000000000000
10001000000011011010
10010100110110101101
11000100111100110101
00110101000011011111
10110000110101101000
10111101001110111100
10101111101111000000
01111100010001000110
10111110111100110010
10111001001010110000
11001011101011001111
11010000111100101101
10010111111001110000
10111101100101111010
01111001000000101110
11100011001000000010
01100101110010101110
11000011001100001000
11110101000101110111
11110100011000101101
01001001100010000101
11101000001000100111
00001100001000010001
01101001001001011010
10001111101011101011
01010010110101101000
11110000010100101010
11001010101100000110
11100001010110100100
00110000100011000011
00111110111001011101
01101011011100101111
10110100100000000011
10110100100000111001
11000110010111101100
01110111011110110100
10101000111110110100
00110101110111101011
00011101011100000101
11110110010011110000
11101011011111011110
11110110001010111011
10011100000101011100
01111010100001110000
00111011010001110110
00110000000101111101
10001001100000100101
00010110100111100001
11101010000001000111
01111101110000100110
11101100010100100001
00011100110101000110
00001110010110110100
01000110000110101110
00000111001110010110
00001111011101111110
11010110011111001011
11011001100100100001
10001010111000000111
10111100000110110101
10001111110111101100
01011001001110001100
10100011011000000001
11000000011111110000
00011110001010100000
10101100111011001111
00100100111101101000
10010011110110100101
00011011110100101110
10001000100101000110
00000111110100111101
11000101100000101000
10000011101101111111
00111101000001111011
00010100011110010101
01110001010101010010
10100110010001110010
10011000000101001001
11011011111110000110
10001101001111011001
10101001101010110000
10011101011011101101
11111111110100101101
11010101101001100101
01111001111011101001
00010111001101001001
01111111100001100010
10010010000010100000
11110100000100000100
10101010101001010111
11111100000110101010
11110010011100011010
01000001110011010110
10111001001011001011
01111110010101110000
00100101000011100100
10110011100101111011
10001011110001100001
01000111101101011001
01000100101110000001
10111111111101110100
00100011010101110100
10100001100101001011
11111001100100100101
11110111001010010010
01001000111000110110
01010110110011001101
00010101011010000111
01101110000101101101
00001000001100010111
11000001111101000100
00010100101011110111
10011011000101000110
10111010101010100000
00101000111000000000
01100100010111100001
00000100000101001100
11011101100011000000
01101111000001110011
10010011010111010101
10000010101100110101
11101010110101001010
10100001101000111001
11011100011010111110
01101001111111111101
01100001101011000101
11010110011101101101
01011010000001011110
00100111010000011011
01111111110001101100
10110011011101011011
00000101110110001110
10000000011111110010
11110111011000001001
00011010010111000011
10000010101110101001
11101001011011100111
10100100001010110000
00001011010100100111
00100101011001000001
10011001100100011001
10111100000100011111
01101101011100101100
01010010110001011111
10011011001111111111
00111001011011111101
01101001011000100110
10101101000010000010
01110010101111110110
10001001011010000010
01001010010111110011
01100100111111111111
00011101000010000011
10010011011011000010
10000010010111010000
10100000000101000001
01101010101001110110
00111100101101010000
10110111011101100101
10101011000101011000
11001011011011010010
10101111000010110000
11100011010110111110
01000101100000000010
01010010001111001001
00000110000100101101
11001001000101000100
11100100101110101111
11001101011100101100
10010110110001111010
01010011101110001110
00101011101111100100
00101111101100100000
10110010000100100100
11000110000000000100
11010000010010010010
00000111100001010100
11100000011001100110
01101111011110101010
01111111011101011000
10011100001010001101
00111010010011111010
10111111101010101001
10110000111010100010
01101100001010100101
01110000011101011000
11011010111010111010
00110100010011100101
00000011000101011111
11111000000110011000
01110011111100101101
01010110001100111110
11110010010111000101
10000001111101100111
00101000110100011110
01111010110101110101
10001000010000100010
00110100111011101001
11000101000101111101
01010000101111001111
00110101010011011000
10111011100100101001
01110101101001110111
01111100010100100001
11101001011001010011
11001110000000110101
11000000001111101111
10101001110111100111
01101001010111110100
11000011011101100011
10110001111110101110
11010110001011111011
00100110011000110000
01100010101001001000
01001001000010001000
01101101100110100011
01011010111110011000
01011010000010110110
01011111001011111010
10011111111100001101
00010111011110100000
10100101011001001001
00010101100100110110
10000110111111111010
10101101111110110100
00011101011011001110
00010010000001101110
00011100011001001000
11011100100101001101
00001001010111100101
01100111010011010110
01111110011000110111
01000011001100000000
01010000010111000100
01100100111100011011
01110000000110000000
11101111101100110111
10001110011110100011
01110110101010000100
10010100111110011111
10000101000010001110
01110000001101001101
01011010000110101010
11010101000101111001
00110100111111001111
00110101110011000100
01000101000001000100
01101110000001111000
11110111000001100000
01000001111100100011
01011010110001111001
00111010000000011100
00010111000000101010
10101110111011001000
00110100010111010111
01010010111011110001
00111000101000100010
11110101100000000000
00111110011110110101
11101011001100001110
10011010010101110101
00100011100001000011
01010010000001110111
11110111001101011100
01111111111001110011
01110101110110100001
10000100111100011100
01010101101100111010
00100000000111010011
10100111000100010101
00001110000000000110
11011011010100110100
00101111001111011011
01001000001101001001
00110010001000001011
10010110010001011001
01100001011010110010
10101011111101000010
01101100011101010110
01000010111100111011
11100001101110010101
01110100001101000011
10010110111001101001
10000110010010001111
10000011000000010111
10101101010110011100
01111101110010000101
00000101000100011101
11100100011011000100
01111101101101101111
00011011000000100000
10010111100001110011
11101100101000011101
01100111001001111100
01100101110111100001
10110000100000011111
11011101101110010011
10111111010011001000
00110110011000000111
10100000010001111101
00001100111111101001
11010110100001100010
11011111101010100101
11011000011011101010
11010111000111100001
01010011110100000110
11111100110111000011
11110111110101010100
11010001010100010000
01010111010111011101
00000011111001100101
10010011110000100000
01000111100100011100
11100001010001110010
11110000010011010010
11111011000010010101
11100111010000110011
00110100101101101011
10001101010010101001
11111000101010101001
00011110000111110101
01011111001011100010
00010101011000111111
11001111001110011000
10100010000010110111
10110011001011111110
00001001101010111111
11101101001001100011
11001001100101111111
11000000101000110001
00100000010001101011
00111001111101000011
10001110101100110011
00011000011100000000
01100110100101011110
11100001101100010100
10000010001110011000
00011100000011101000
10111001111110110001
10101000001010001001
11000111110011001001
00111000101010011001
10110110101101010010
10011111110101110010
00000101000101010101
10000000000110000101
01010111100010100111
10110101100100110101
10010010000011110101
00010110110000111001
10111100101001000111
00100111101100110110
01000010101111101110
10001111011001100011
01110010001010000111
11001000110111011001
10000101001101100110
00100010001110000110
01110000000101000110
10111000000110000010
00011011001010101010
10011000010011100110
11101010110000011000
10001111010100000011
11010100101001001111
00011100111000101111
11010110010110010101
01111001011010000001
11011000110100001010
11011000100010110100
10100100001010101101
10011011010011010101
11010111110001100001
01100100111011110001
11110111111010001111
10001110001011011110
01000010100100110010
00010010100111110001
11010011110001000001
11010001011000010011
01101010000100000101
11001010101101001000
10100111111101111101
00011110001010101111
10111011000100001010
11001110100000011111
01100100101010001110
00011011111001111011
11011100110100111101
11000111100110000010
01011010000010000000
10000111011001001111
01100000111000001010
10011100100111011111
10100110100000010100
01100111001001101101
00101010011111101001
01101001001110010111
01100101100111110010
00110011101011000100
11110000010011001111
11111011100111000000
10010011111001000001
11001111010001101010
01111001101010000111
10001111101001111000
00010000010110011001
10001101111010011100
10110101011111100000
00010111000110110001
11000110111110011000
00101110000110110111
11100101000101111111
11100011000000101011
01100010100000100110
00100101011000010100
00011110100000111001
10101010000100101101
10110001000000011001
00110011111001101111
00100000000110011000
00011000110111000000
10111111101110100010
10110010001111111011
00111010001011001010
11110001010010011011
01101100110000010011
10010000100110000101
00000010111110000001
10100100100100101011
00011100100101010011
11000001011001001000
10101010010000011011
11110011011101101001
01110111110100100111
00010110101101011101
11011000001010001000
10001111011000100111
01011000101011000110
01010111010110011010
01100001010010101101
01101010101110011100
00110000100010101001
01101001010100010101
10011100010100001000
11011110100111000010
01001101000000011001
11110111101101001010
00100111001100101111
10110010011000111101
10100010100100001100
11100011111100100100
01101010111100100101
01011111000100101101
00111000111011001101
01011111000011010101
10101000111110101100
10001011001001000111
00101001101111011010
01110100100011001100
11111110111101101010
10001111000101101110
01110010101110010110
01110001011001111111
01000110001010000011
11111011110010011001
01010011111111000001
11011001001000110010
00100110010100101110
01010100011111000100
10010001011010010110
01001000110011011100
11001000110101000011
00000010011011101110
01000000001000110100
10100010111110111101
11110001101001110001
01001010111000111101
11011110101011010101
01100011110000010000
01001011010011111100
00110010100110100011
10110110111110000100
00110100100000100101
10101001110111111100
01100100011001000001
10010100110110001001
11111011000011100001
01101010111001111110
01001000111101110000
10011010111001110010
01000101001111011110
10110001110000000010
11100100101000110001
11101111010110101010
10010101010101000101
00100010011111001111
00011101000111011110
00001000001110000100
01001110111001011010
11010001101001001111
01001100010101111011
01111111100101001101
11000100111110001101
11001110101000001100
00100110000011101110
01111011011111011011
00011111100001100001
01010110010111100110
11000100000000111010
10101111110101011010
00110000011111110110
10010111110101000101
10000001010011010010
10110010101010010001
11100011011111111101
01101101010011011111
00111111110110011111
10111000101000000010
10100011010000000110
01010100111000101010
01001110010100110010
10111010110101010111
11001100110010111010
01110000111000001011
10000111001010011100
10000111101100100100
10110001011111001010
01111110001010011111
00011101111001000010
00001011010100101000
00101011011110000111
00001011101011110101
00111001000011110010
00110010000001101010
01111011011111101101
11110100000111011100
01010011100101101101
10110110101000000101
10100001111101100000
00100001011000000100
00111000111011000100
10000111101100110000
00000110000001011011
11001101011000110011
01101111100001001000
10011110111101000010
10010011111111001110
11000010001001011101
11011100111110010101
01001111111111001001
01101110101011001001
00111110100000000001
10111000110101001101
00110100001011000100
10101111001110001010
00001000100100111111
10001110111111011001
11011010000011011101
01010000101110011010
10111100011001110001
00100110000001011001
11111011001110010101
01101110011111000001
00001000011000101000
00011001100001110011
11111001101010101011
10100000010010111101
01111100001110010011
00101000100000100111
11111110001011111000
00010001110111111100
01011010001011111111
00010110010000000001
10111110111010011100
10100100110001100011
11111100100111011111
00111011111000000001
00001111011001110000
11101101010100011111
00000100011111101010
10100111001110100110
00010011010100010111
10111100100000000100
01010101110010110011
10101000111000001101
11010011100010001111
00011001000001010000
01010100000010000111
00001011110000000110
11001000101011000110
11100111111100010101
01111010110100101010
11010010010101110110
10001111110000111001
00111000101010001000
11100001110010100010
01100011001110110011
11100010100010001110
01010010101110100100
01000110111101111110
11011110001001110111
11101100101110101000
11111010011001010001
11000111011110111111
11010111000111111100
11011000010010101010
01100001010011101001
00010000110011001100
10001000100100111110
11000110011111111111
01110100000101000100
10100101100000101000
10000101011101011110
01011010011101011111
10001110111000100100
10111100000101100010
10011000101100001110
11000001001010100001
01100000100000111001
10110011100001011101
10110010110100010001
01110110001101011111
10001011100011111100
10101111100010101010
01111110101001100100
10001000100001101111
11010110000111001000
10110100011111100100
01110010100101000110
00011000001110011110
01111010101001000111
10101100101100111001
00100110101111010101
01001100111010111010
00100011000001100000
01011110000111000111
01110101110100101001
01001010010001001100
01100000110001110110
11101011011011001000
00011111001101101100
01101110101111011010
00011001010110111011
10111011100010001110
01101110110110101101
01101101101110010100
10011000100011011001
01010110001011001001
10110010101011011001
10110011101010010011
00001110001010001001
10011001000000010000
10010010011100010000
01001110111000111111
01001100111010010010
01001101011111011110
11100110001100001001
01100101000110010011
01100010001101001101
11010011111011111101
11000111110011010010
11010010110111000101
01111000010001000010
01110011011111001000
01100100011000011110
11011000111110001100
01100010101000010111
10010111011101110101
11001010000110011001
01100110110100011011
00010100100110101011
11110010000110101000
10100111110000000000
00100010111110111001
01000011111111001100
10100000011000111000
11100111110101100011
01010010010110010101
00010110111011110001
10101111110000100011
11110010100001100111
10111110011100101101
00000100001000001011
01110001001110011110
11011000011011100000
10001001101111101100
01111001011101101110
01111111101011011101
11000011001100010011
01001101111111111110
11011111101101110110
01111111011100110001
10010011100001001011
00111000111011010011
11010111000010100111
11101110110010001111
01110100101110001101
10111011101000101111
10101100111011000000
11000000000110000111
10011100011100011110
11110111110000001100
01000010110010101110
01111001100000100011
00101011010101010001
10111000110000100000
01011101101111011111
10110101100010110011
00110110100000001100
01001000000000011100
11000100010111001010
01101101011010010101
11011001000011111111
00101110100111010000
01100000100110011000
00100110110100101100
00100010000110001110
11000100100100100111
11000010100100100001
10100100010101101010
11001100110100111100
11110100000111000100
11010010010100101100
01001100101101000000
11010010001111110010
00111100011010100010
10011101011010111000
01001011110110000001
11101110110011010000
01000000111110000001
00000000111000010100
10100011111100110100
10101000000010110100
00001010000001010001
10111110000111010010
00100010110001111001
00110001110010000010
01011001111101110110
00110001011001010000
01111100100111110011
10101101111101111011
10000011000001010000
10110000001110101100
00011001100011111101
01110110000101110000
11001111010011000110
01001011011001101011
00000100101010011010
00101101101111100100
11111001100011001111
00000001101101110000
11110001110000111001
10010100001110000010
01001100010101011010
11101111111000111110
10000101111000100110
01010111010101011111
01010001010011100101
01100010101111010000
01011000001011110010
10000001110100010100
11000011110100110110
11110100011000010100
00011010001010111100
10001010001111000000
11111111000110110010
00100101011110001100
11010001100101111111
11110000110001000110
11101110111001101010
10101110111101101010
00110110101101110100
00001011100011101100
10110001000101000100
01010111001010100010
11111010111001101111
01011110101001101111
00010101000011110110
10000110111101001110
11111010101000100101
10011110110110111100
00000001011001100101
11100110111100011011
01000000111111010111
01111110010001101010
00001100001111011100
00110010001110001101
11101010001100001100
00001011001000010000
00100101100111101101
11101110010110100001
01100001100010001010
00011000101001011000
01111111010101110111
00011110001011001010
11100110000111001011
10000011011011110101
11010110001011010000
10011010110111110101
10100000110101101001
11101111001011101100
00111110110011000110
10010101001010110010
11111100100000001100
10101101100101000001
01000001001100010101
11111011000110110110
00101101110100101000
01101010011010100100
10111000000000011001
01000001100001101010
11000011000000011010
00110010011101111010
10001010010010110011
01010001110001011100
01110000010001011000
00110110011001010010
01011001110111110110
10011100110001110011
01101011011101111001
01100010010110000001
10011010100110001010
01001101000001000101
01111001010001101101
00010011111001101110
00011010100011111011
10111111001101110111
11111010011011100110
10100111111110000001
01000001001000110011
10101100000000011001
00101101101111100001
10101111101011011001
11111111100010011001
11010011010110000100
11101111010011011010
10100110111010100101
01010100111010011101
01001010001010011110
00101011110100101011
01011011011110010100
10111100001110001011
00010110111001111010
01100001100011101111
01100000110010111010
01101101011111111110
11110110000011100110
10110100011011000111
00001001100100001110
10110010100000101011
11110010100010101110
11100000000001101100
10011111010001110111
00001010011101011111
00011011111110000000
01000011000111100101
00000001000101000101
10010010111111100100
11010000011001000010
10001010001100100100
00001100100011100010
00110110101101001011
00000000100000010010
01111100001001011110
00110001111000001011
10111101000110101010
00010001110001111010
00100011110101011101
01000000111100110101
10011000101011101011
11000011001001100101
11000010010001001010
00101110100000010100
11000101000011111000
10001001100001010001
11010100000010010111
11100000010110101001
01010000001001110001
11010101001101111110
11001000000010101010
11100000000001110001
00111011000000010001
01011111100110101101
01010010010111101110
00110101100110000110
10010000010100101001
01001111001101111011
00111010011011001000
10100110010011110101
00101101111100100000
01001011110010100010
10011010101100010001
01011010001101000101
00011110011000010000
11111011000101000011
11001000110001011010
01101000001101001110
01010010000000001001
00001000101110110110
10010111110001111110
11011001111010100010
10011101100010000000
00111001100110000011
10110111001010011001
10001110110001011011
11011111010010000011
11000111111101111011
11111011111110110010
10100111100101101111
00010110111101000001
01000001010010111110
00000010010111111010
10101011000010110001
11111101111000101010
00110011100110000000
11110101111000100010
00110010010100101000
10110110110110111111
00000011010000000011
10011100001110111001
10111100110100111011
10111111111101101001
11111000100111000110
01001011010111101001
11000000011011110001
10100101011000100101
10010010010001010100
01010000001011000000
00010111111001101111
01111110100111001110
00111010100101010001
