00000000010000000000
01101101110111110001
01011010100000110101
11010010101111101101
11111000111101000100
10000011110101000110
00100101111010100100
00110101111101100010
11001011101010011001
00111000011100011100
01101101011010011111
00110101101010101101
10011110001111011101
10101101110111100011
00010010101111110011
10110011010001110110
10000111110110000010
00100000101010010011
01110101001001000011
11100000111101000001
10001001111101110001
10001101001101100100
10111011100100101010
00101010110001010011
00101110001001000010
11001101010010101110
01111001100101110100
11110110101110101100
11111100010010001000
00101001011001001110
10100001010100001001
10001101100101101101
00001001001011010111
01100100010100100100
01000100100001100110
00100000100000011001
10110011110001111000
00101100111110101010
00001100111010111110
10101111111011000101
11001011110101100111
00101110000101100011
00011001000010000100
01111110011000100110
11100010010101000110
01011000000011111111
10011111001001111110
01100101000101010110
01101100111011100001
01100010110010111011
00011111001011100011
00000001111001001010
11011011010001111000
10111000011111110110
11011100010100101000
00110011011001011011
10011011001000000111
01100010001001100010
11001100110110101010
00111011101110100111
11101100110111110111
00010010110010110110
00010001100000011110
11000000000011010000
00000100010110111011
01110010100010001000
11101101011000000111
01010011011001100111
10111010001010110011
11110011100011100010
01111110000010110011
01010010101101101011
11111010010110101011
10010001110000110011
01011111000010111100
01010001100001000110
10001010111010110011
00001010010000101101
10000000111110010011
01100000101100010001
00011110011110111000
11110011011111010001
10011011001100111001
11100001100011101101
01100110001111000001
00110101101100011011
00110011011001001010
00001010000010001001
10101100111010011001
10000110101101110000
00010000001010011101
01100101110000010011
01111111101001111011
00000100011110000110
00110001000101011000
00011010100000001011
00011101011111110000
00000100101100101111
00100000101101000011
00000101101111110011
01100111111111001010
11011011000101011010
00001010111000000110
11110111010100011000
10111001001100100010
00001000110000111111
01111100010111100111
00000000000100011101
10000011001101010011
11101110010011110000
00001100111111101111
00100011100111011011
10010101100111011010
00101011010111110100
10011010001000111010
00110100111111001010
10001000010010010011
10000100110111111100
00111110001000100000
10010010101110011110
10101101111011001101
00000101011011010000
01010101010010001110
00011000111000100001
10010010000010011010
10110001011110010011
11000010111010000101
00110111010101101111
00101011011010011101
00100101101100010110
00011000000100110011
10110000000111111011
00100010101101100101
01111111111110000100
01100110100100110111
10000111100101000101
01001100110110010001
10011010101100110101
10001010100101101100
11101001100011110100
01101001011001000110
01101100011011000100
01110000110110100111
01010100100100100001
10101000001010111100
10011011110011010100
10100010011011111111
11101101011011011111
00100100110111111100
00101101100111011100
00100100110110100101
00100000000010001110
01101110111010100111
01010111010001011101
10110100001011111001
10011001000000011100
11001001001011111001
01000001011110011100
01010000111100010011
01011010101001100010
11100011011011101101
10011110100011111011
00010010010111010000
01100101000010101101
01001110011100101000
00011010011101100111
00000010011011000110
00100011110111010000
00011101011000111110
11111000101110011110
00110011000101100110
01011001111011000101
10101001100100110111
11101011100111000010
10001110101010111100
00100000001110101111
01110001111101000110
01101110000001100011
11101111111010100100
00010100100111100110
11001110011011111100
01111000110001011110
11100000011111100110
10001111001100110101
10011101011011111100
00011111101110000000
10110010100100011001
10011110110111011100
01011110110111011100
01101100100001011100
11010101110100000100
11101110101011010101
01111001001000111101
11010010110000101100
01011001101111110110
10001100011100001101
11000100010101110001
10110010100111100011
00011001000000000101
10011010110101110001
00010110001110100101
10001101111101111111
01110011110000101101
11001101110011101110
10101011000101001010
01010001010011000010
11000001100111001100
01100010001011101001
01001111100110100000
10100100110001000111
01001111101101100111
01110110100011110111
01000111111010010101
00010101001000101010
00001010000001011011
10000000111000000001
10010100010111010001
00011000000011110111
10010001001110001000
01001111110001100101
11101110111011001001
01010100100001010100
01011010111111000001
01101111001110111010
01010011010100101010
00001001011001100100
01000001101000010011
11010000010000100101
11010101011111000100
11100010000001100001
00011101110101100000
01001000001000110000
10111100111011001000
11011010000101011011
01100110111110110110
11000001101000000110
11110100001000101111
01000100011110110001
01110000001011111011
10010000010010111110
01000110010101000100
01110100011001010111
00011110000001101110
01010011000011010000
01111010110011100100
01110101001010001010
11011110101001100100
11010101101000011101
11110010000110001111
01111011100101000110
01100000000010100001
11000011011110111000
11000001111001111001
00000010100110010000
10101101001010111001
01011000011101110000
01100000111110000101
10110011111001010010
11110000100101010010
01000100010000011101
01101001110100000000
10100000110111001010
01100110110111000000
11111111001111011001
01100001101011110101
11101100010101011001
10101111100101001001
11010001101011011100
11111101110001110001
00010011010010000011
10010111001001011000
10010001001111001010
10010011100000100111
01000101010000101100
00111001110111001111
10001010000101100100
11110000101110111011
01111001100101001110
01011001011110111101
11101011111110101110
11010101000100100011
11010010100101101101
00110111000100101001
10111000111011000101
01011001110101110001
11111101100000111110
01001011101011111101
11011011001110110110
11101000111100010000
11000111010110001101
00100100101110010110
01111111100100010010
01111100110111110100
11100110011000100111
00110001100010111100
11100000101010111011
01110110101010111110
11000001010011000111
10110000100011101100
10101010101001011101
11001111000001100001
00011000000110101100
11111110110011111100
11010010101011000100
11010001111101011110
11001000100111101000
01011101011111001011
10110101000110111100
00100011101001001000
11001111000111011101
10100111011001011010
10010101110001000110
00001100101011100011
11100101111100000011
01000000111110101001
10000010001101100010
11111000011111110100
10101011101010011100
11011010011110010010
00000011111000011011
10011000010010110101
01100110000100100111
10000111110010110110
11010101110101000110
10011101101011000000
10011110011100011001
00110010000011111010
00101000110001001111
00100110011011011011
01011101001010100100
10001010100000100101
01001010001010010100
00011110100011111100
00011000111100001110
10111110100101101110
10110100110000110001
11111001011011100011
11100101001110101111
11111110010011000111
10101010111001010000
01100010101010011100
00111110001001001010
10010111100010010010
11011010000010001101
01000110011010111110
01000111110000110001
10010011100011001010
00111011011001001000
10001110110001111100
10101111010100110100
11110000101100010001
10110110010001001001
01101001001000010010
00100101000110110110
01100000011111110101
01110101111101110111
10001010110011101011
01000001001111101100
01111110101011011010
10000111001010011111
10100001001100000000
00011000111010010101
01011111100100011100
01011010110101011001
11111000000001111011
11110011111101011011
00000010011101010111
01100001111011111000
11011001110110110000
11000010011000110101
11011011010010101111
01000110000101100100
11101100000011001010
00001100011000011001
10001001010101110111
00101110010011101000
00100101100000110010
01010000010111110100
01111110000111010111
01101100011011000001
10011010111111010101
11001011010000001110
11100011011111011100
10110100110001001111
10010100000101001111
01110000000011110000
01011001001111101010
01001000000110100101
00110010010011001101
10111001100100000011
01111110111001111101
00111001100110011101
10001100100010101000
00111011001110010000
11100001000111010010
00110000011101111011
11001010101110011001
01110100010011101000
00100001100010101111
01111111100010101000
00100000110001010101
00000100111101010000
00010110100100110110
10000110110011000000
11010001110001101011
11001101100110010101
11010111000010011110
10011011011001111000
00101011000011111011
11001111000001010010
10101010101001110000
11000000101010101110
00110110111101101110
10100110101100001111
00101000110101010110
11000011000010010100
01010010101110000110
10100101111111001011
11100111011100011101
00111101010000001000
11010001101001001111
11010100110000100000
01010000110110000001
10001011000110111110
10010000111111011001
11100011000101011110
01011100011101010101
00111110111110001000
00011110010110011011
10101101100010000110
01111110001010100000
11011000110101010101
10100100011000011000
00111100100100010000
01110101111101111101
01111101111011001111
10000011001100100111
00000001011000110110
01000101001000100011
01111100100011011010
10000100101101111101
00111101011011111100
01110011101111100101
11000010101111110001
01101010001011000101
01000111001101001100
00001111001110101000
11101000101100100100
10100101111011011101
10111111100110000100
10000011111010111001
00111110101111111101
11100001011001011000
10101100110101100101
01001011010110001010
11110010001011111101
10101110101000001111
10011000000101000101
11010101111100100010
01010110011011111110
01110100001001110100
11001011011100010000
10011110100001111001
01111001000101111001
01001110110111001001
01001001010100110011
00111101000000011000
00001110110110001010
00111000100100111100
01001110011100010100
11100001101001111001
00001011110001010110
10010000011111001001
11101110001011101110
10011100000100000011
11001111101010010111
10000111000011000100
10100101001100000100
10100100100110110100
11001101110101010001
00110001000100100101
01001111100010010001
01101001100111011100
10111111110100011001
01101111001001100110
01101111011100101101
00011001110010011100
00000010110110111111
00011111111011100011
11010010000100010111
11010010011101111110
11000000101111100111
00001000011111000001
10001110101100101000
10111110010100111011
10011110011000110000
11001001111100101111
10001110000000101010
00011110110001010010
11110110010000011110
00010110111011110111
01001001110110111010
01010100010100010010
01010101101101100011
00101100000101011000
11000101001001010011
01000110000001000001
00000100001111100111
01000010110001111111
11111101000000101011
11001100100011100100
10111011011000110111
01000100011111100100
00100010010000000101
01101100111101111100
10100101001011100001
00101101011101010110
11001100010111011001
11001100101001111010
11111111101010010111
01111100010001000000
01011001010001000100
11001111100100011001
11110110111011111100
10010111111101011100
10111010011100011100
10010000101011001101
00110010010010011101
10010001111000011001
10111010101000010111
10111111100100001001
01001001101111111011
11010101010011001011
01110011011011110000
11111010011111111010
00001101001101101010
01010001101101100111
01011001101010000000
01110011111110001101
10000001011000101111
01111100100110011100
01111100001011101111
10000001000100001111
00111111000001110101
01010101111101100001
11100101011010000111
00000010111100110011
11100111010011011011
01100000001110010100
01010010001001110000
01010101111101000000
11010110110001100101
11100010111100101010
10000100100100100000
10010110100110011110
10101100010000101101
10100101010001111110
00011111111010100010
00000011110000111110
11101000101001011110
00110001011001001110
01110000100101011111
00100010011111110101
11011100110100011001
01111000001011010001
01000000100011001110
11111000011010101100
01010111110001110111
00000111101101110011
11100011101111111011
11001001000111001001
10100111011101110011
00010110100101110111
10100011001101011011
00001010110101011111
10011011111110110001
11010101011011010100
11111101010110100110
00100010111010001110
11110011111010001011
11100000111001010111
01101111101010001111
10001011000001111100
01010101100100101010
01000101110100111011
11111010111101001010
01110011011110110101
10110100011110001011
10011111101001011000
01101001011001110000
10100000111000110101
00011100100001110101
11110110110110010011
10011011101100000100
11000111001001110110
10011011011001000100
11100110010010101000
00110110110111100111
11110100100001100111
10001100011100010011
00110010010100011110
01001001100001001001
10010000100010101100
10000111010011001100
00011110100000011000
10000100011001001001
11001010100000110101
01011110110110001100
10100100101000100111
10000010111110001001
10010101110110010000
11000111001101111000
11000101010010100110
10110001011011110010
01100001011010101100
00011011100000000011
00101111010111110101
11010100100001011100
00111000001011000001
00010001100100110111
01100011100010010110
10011111100000001001
00001010100100000100
01100110101111101000
10000110001011100101
11110001011001011111
10001000101100101000
01000010000101100000
01101100011010111100
10111101111001000111
00110010011110101011
01110100000001100001
01001001011100101010
01000110101111011010
00001111111110000110
01001001010011011100
01110101010111010001
10101000111111110011
00000011100011001100
10010001011010011111
10001100000010010101
00010011101100101111
11101110100000011101
10011011100001110000
10101110100000001110
11000000100100100110
10100101000000011001
11010010111011011000
11001011001001011011
11000100000010111000
01110010000100110101
01110010010011011101
10111000111110011011
10001100010100001100
11101011100110010111
00110110010010100101
00011011011111010111
11000100010111101011
00111110001000011010
10001110110010011110
11011101101010001100
00111111101000011001
10111001010010110110
11101011001010100011
00111001111101100111
11011101101101110010
11001110111100001100
10111011100110111001
01100010100010111100
10100010011110010001
11010010101000111000
00001101001111001010
01101110011101000110
11100110101001011010
00000011100001000111
10010001101001001101
10101100101101110111
10000111111111100110
01011010011010011000
01100110000000110001
01001011111110011000
01010011100110111010
10100001110100110010
01101000110011111111
11011100000101010111
11010100001111101111
10100111100000101001
11110111010001111100
00111011110010110010
10110111110010100010
10100110000111011011
00110101000101100101
11110100011000011110
01001110000100111111
11010100010011110101
11110110100110000000
00010001100100000100
10101101011110001100
01100100101001110001
01111001111110100110
00111010000000001110
10010011101011001000
10001111000001010110
11100100111100100000
00111011111100100001
01010111111110000001
00101111101111011001
11010100111111011100
10001110010000100111
11010000000101101110
01010101110100001100
11111001011101110001
00101011110101000111
10111101110010110101
00101111010101111110
01010011100010000111
01101101101001101100
10000000101100000001
00000000000000100011
00011011001011101101
11001111110101011010
01111001000010110010
00111111101010111100
10011000000001111011
00101110011000000111
11011110011011000111
10000101011010000111
10000111000110010110
10011111100110011110
11110101000101100000
11101010000111000111
10010100111001110011
10001100110010000010
10011010111001011001
10101110100111001111
11010000101011010001
11111010011111000000
10010011100101110101
10010011110000010110
01101011100100010100
10001000111101011011
11101001101001001000
00001011110001011100
11101100010111000101
11011001110110101101
01010100110110101011
11111110010001011000
10001110111010111110
01000001001100000111
11101100101111110100
11110101000110110100
11000100110010010011
00100011010101000100
11100110111000010011
10010111010110101010
10101011001000100000
01000000110000001100
10110110101001111011
11111001111010001011
11000111010110110010
11011000000111000011
10111001110010000010
11011011001100010110
01010110110111100111
01010100011101100111
10110010111000100010
10010000110101010000
10011000011011011110
00010001010000011011
10000111011101110001
10001011111010101100
10000011000101110000
01000101100010000000
00001001111101000101
01101110110100111011
10010010010100111100
01100001111100010111
00100000010000110100
11001000100110100101
10000000101010110010
01100100010100010010
01110111101001000011
11000100011000101011
00110100101000101000
00110100010101100011
11010111111111001011
11101001101111011100
01010110100010001101
01100001101111101111
00101111101011111001
11011111110010001011
10001111010011110111
10001011110000110010
10110001111100101111
11000010001110110111
11100110000010110010
00110000111010111000
11000010110100100110
01001110101110111101
00101101001110011101
01100011110001110110
11000110111000101011
11000110010000001001
00110101101110010011
00101011001101111001
01111010001111110011
00110110100010001110
11010111010110110101
00011011010111111011
11010000010000100000
10110101000111101010
11110100110111111101
01111110001001010110
00101110110100100010
10100100110111001011
00001111001100111110
11011110111100010101
00001100101010001100
00001100001000010100
10001100101111010011
11011000010011110011
11101110100010001110
00011101001011110101
10010001111001101000
00111110100001110110
10101001101111110000
10100000101100011011
00110110101110001000
10000001011011010000
11010101010111011110
11001110011011101011
11000011001001001011
01011010001001111110
00011110001011001111
00000010101011100010
10000010110101101010
11100011011001010011
10000101111001110110
00000011011100001010
10110100110100000101
11110100100000001011
01100001000101011101
11011110010000000110
10000001111101010001
00110101011011110111
01110100001000011011
00000110100100011100
10010011010101110011
11000111110011100100
11010011100011001110
10111100110011101110
00100111110001101000
10001111100010100001
01101001001111110001
10011000110011001001
01001001011110101000
11010011101011111111
01010001001011001110
11010101111110100011
10010111011011010100
01101100101000011111
11001001101100001010
10010000100001100000
11110110000110110010
10100011110011101100
01110110101010110001
11011111011100111000
10111010010010010001
10111000010101011101
01001110001111000010
10110010000010111010
11101111001111010111
00000010010101101111
00111111100110111010
11100011000101001001
00011000001111001000
10110101111011000010
10110001011000100110
01010000011010110101
11001110000111001000
00101111101011000011
01110000101001001011
10011100101111110110
10110011111010100100
00110100011101001010
00100010011011000010
01010001010010000011
00100111010000011101
10011100000110101100
11111010101011101001
10111010001010111111
00111110100101110100
01010101101000110111
00011011001010111000
10101010000100010001
00000010111010011110
01001001111100110101
10110100100101100010
00010101010001100111
11000001000100001011
11101011110100000011
01111101111011001001
01011001000010000101
10100111011001100101
00111111111100011010
00101001010001100001
00111100110110100000
11110010110111000111
10001110001011101011
00000101001011110011
01110001100010111110
11000000110111110011
10101111111101001001
01111010001110001000
11011111101011000101
10110111010110101011
00110000010000010111
10011100000111101000
01000110110011001001
10101101100010000000
01101000000111101010
11011011110000011100
10101011000001001101
10101011101111101001
01011001100010101010
10100010110111101010
00001101001010111100
00011110000111000000
10011001011100110110
00010010001111111110
11011111010010000101
11101011000010110000
01111011001100000111
00011111101001100011
11101111110100001000
11000100111011001101
00111001111001100011
01000010010110000110
00101101110100100111
00001010110110011001
10000101110010010110
10110111110101000010
10101010110011011111
10101100001001101001
10010011011111101000
00010111011000100000
11011100100100001100
10100101010010011010
01001100100101010000
01111010010001010111
10110001100101101000
01110011010001001001
01011110101001101111
10010010001001101011
01000010011000001011
11100100011111000000
00111110000011110011
00010110110111001110
01000000101010001110
11001100010101100100
10111111011001001000
10011011001011111101
01110101100001110110
00001110100111001010
00100101010111010111
10001111011010100101
00111010100111000111
11010111101001100010
01000101001111010100
10011011011100011010
10100011110111001001
01011000110010111110
10010010011110110011
11110010111100011110
00101001011000001111
01100101000011100101
01110111010101100001
11001100111000101101
00101111001010001100
11101001111011101100
10010010110100101111
10010101110001110000
10100100010110000111
00100001011010010111
10011100011110000100
11000100011111101010
00100101000110101000
10110000011000110000
00011110111110000000
00000110110110101111
10100001000110011011
00010011111000101010
00110111001000000111
01001111110111010011
10011000011011110101
01001000011111010111
00101100110101010111
00100111110100010001
11111100001011101110
00011111111001000000
