00000000000000000100
10111011000011111011
00001110011110111100
00010001001111001000
10100011011010101110
00110010101111010000
10100010111110111110
10001111010100101110
01111011000100111100
10101001010001101001
11010110110001011010
01111000110111011110
11000101000110011100
00001101010000001101
01110101011110010010
10011000010111111100
00001110111101010000
10101000100011111110
01010110111011001111
01010101111111001011
00000101110100001001
10110011001111101110
00111011001001010001
11111100111000010010
11010100001100000111
01001100101100011001
10100011010110111001
01101010000111101000
00001001000101011001
00100011111101001110
11010010010111010011
11000101101101001000
01101111100000011000
11000010101001110010
10110000101101101101
01101101010001100010
01110000101110011110
10111000001100011111
10101100001101000101
01000000011101010010
00101010001111111111
00010001000111111111
01001010011110010100
11011101100101101110
00010100101010100111
01011100110010000011
00001111001100010101
10100001100100100010
01001111100111001100
01011100000101000010
00011001101001010110
00100111000110010110
01001110101100001100
01100010010111000000
11010101100111001010
10011010001111111101
10110001100001101001
10000011101111111000
00111111001011111111
11001111110011011111
01011011101101001001
01110111010011011101
00011000110100111100
11111101010101100000
01111011101000001101
10111111000001010110
00010111010110111001
01010011110011110001
11101100101000000110
01001111011001100000
11000010000100110100
11110001010101111110
01110001001110010010
00111111010011001111
01010010011011101000
01010101110110111101
10101110111000110010
01011111000110000100
10001011110011011001
10100011001010000100
11000001101111111101
01100001000010010011
01011110111101010011
01100001001000111110
00000110110111110000
10110001000101011111
01011011100001110011
10100100001111001001
10011100010110010111
10111000000000101010
00101001110011010111
01011000010001111111
01000101010010001010
01110110100101110001
10110010100010100011
00100110000101100010
11001110001100011011
10100111010110111101
11010000100110101010
10001110000110100101
01011111000101010110
00000110001101101101
11011010011011000011
11110011111010001110
00001011101011110101
01100110010111101111
00011101101001111010
11110000111001011001
10110011101110001100
01010010011010010110
10010100110000110110
00100000110111100101
01010001111101000001
10001010110111011111
11111100011101010101
11100110011111000100
00001111001111110001
11000100110000001111
10000000110001110010
10110101011100010101
11010100010010101111
00101010010001110011
10000100111010111101
01001100110111101010
11100100101100010100
10110011111010001100
00111100100010001011
11010100100111100101
01101110110001101111
10100000000111100111
10110011010100101011
00111001101101111101
11010010101111100001
10000011110000101101
00010110110100010101
10000000010010001100
11010111011110001011
00000100100100100111
11001110100101000010
10101100110101011010
01110101010101000001
00001101110011111100
00110101011000110001
01011111101000001110
10001110001101001100
11010001001101000110
00010011001010111010
00010011101000100010
10111001110100110010
11100110100111111111
10101101100000010110
00101100011011010111
10011010011010100010
10000010110111010111
10101011101110010010
01010001010100101101
00001101001001001111
01001011011010101101
00111101100100000101
01100010010110000111
01001111100100110101
00001001011000100101
01110101101111111000
10001011100100111000
10010000111011000011
01110010100100111000
10111110111000000101
10110100111100011010
00101100011011011000
11101110110010001001
01010001111010010111
10000000100001111010
10101110000110110110
11001111100110011110
00110010100110001101
00100010101001001010
00011101011001001001
01011011101100100000
01000110000110110011
10000011100010011101
10100001110010000100
10000111110111101110
10110001100011001111
01011100010101010001
01100101110100000110
10000100110000010011
10010011001001001000
10000101010110101100
00100001100010011001
10100100010100011000
01111000010011100100
01100110111110001100
10110100010001001110
10010001001010100010
00101101100001100110
11011010010111101101
00001110010010000101
00010100011111101101
11010100000100111111
01001110101101010011
01110100100101111100
01010001100110001110
00101000100010100011
00000111100011100000
01110100100111011100
00011100110011100010
01000110110100000100
00000110010001000111
00111001111010111101
10110010100011111100
10001010011100010011
10001111001011111011
11011100100000010101
00111000000110100001
00001101101110011000
01001111011000111010
10000011110011001111
01111111100111000101
01001011110001011101
11101001100000100000
10110111001010000111
10100001111100100010
11100011110001111101
00001100000000100110
11011111111100110110
00001110010010111010
00111111101101011001
01100000110101011010
01001001000011001100
00011100101011101011
00011001101001011010
10101100101101011100
01010101110011000001
00011011111111101001
00110010101100000100
11001001110000011001
10011010001100001110
00011011011010101101
10101100110101001000
01001001000110010111
01001111111111111111
10010101101100110011
11101110000000111101
11100110100001011000
01010000010000000101
01011100110011000001
10110001000111011011
00001010001001100101
10001001100100011000
00100000011001101001
00011100100011100011
11100010101110100011
01110111011010111100
11100110110111100000
10111110101011110010
01101111110001110101
11000101010000100010
11110011001101100001
00101101001111101100
10100111000000101000
11100101011110101000
11011001010101011010
11010111010011011011
11000110000101110111
10101110011111001000
10111110100111100110
01111100000110100010
00000110001001011100
00010100110001000101
10101100011100110011
10000101001111000011
01101010111011010100
00100110001011010011
01101000011100111110
01101001010010010101
01100000001010100011
11000010011010010011
01100110111001000100
01011110111111010001
11010110111110101010
11110111100001101011
00001110001101110111
10101101101010111101
10010001111100100001
11101100001001000110
00001000000101010010
10011000010000001011
00110000111001101010
11001111010010010011
00001111011110111011
11000001000111111011
10011110100011100011
10011011011110011101
01100110111010110111
01111011110101100110
00110010010111111100
11110101110110001110
01001101010011010010
11000100111001001001
01110101010111001111
11011001100000001110
11001100101001110101
10110101110100111101
00101001001101010000
10001000011101101100
00100011010010001010
11100111000111100010
00010000010011110001
10101111011111100100
11101110101111000110
10100011010000000110
10000101101011110101
11100110000111101111
10010001010011011100
10001001101010111110
11011011110111001001
11001100010001100011
01101001101010001010
11010100101101001101
10111110101101101100
00100100000010111111
11110011011100010010
01101111110101011001
11000110100100011100
00110001111101010011
00100111110000100110
11001000001000110001
00101011011011101001
10000100111011101101
00101011110011010101
01111111010010010010
00000111010100000011
10100011001001000111
01100010110100100011
10001100010110110100
00110111001011110111
10010101001110001100
01000011100011001101
01100011011111110000
00100110101010001000
01111011110001001010
00111101011101110000
01110101111110100110
10101110111110111101
10000111001111100011
00111101011101000110
11011010110101011101
01100110101110101100
01010001011010001110
00110111001011001110
00000001010100110110
10111001010011100101
01011101001101000010
11110001001110001011
10111101010111111101
01001110110000010110
10111111001010100010
00110111110110010111
00011010001111101101
01011100100110001100
11010010010100000100
11111100100111110100
00010011000101100001
11100001111101101110
10011001010001101010
10101011010011110010
01100101100111010000
11001000001000010110
00111001100011100010
00010010000011101111
11010001000011011010
00111000001111101011
01110011101001110100
10111101101000001110
11110101000010010100
00011101001110100010
10110011011100000010
11111111110110111000
00111001011100101011
11100100101111010100
11110100000111111000
00110000101011110111
11000011011101011100
11111111101001111111
10001001001011101010
11100101000000010100
01111110010000101101
11111001011010001001
00100110111010000000
01000100010010001011
10011001110101110100
11110100110010000010
01111100011101010111
00010111110000001011
10001111001000000010
10001101001111100101
11011100010000001110
10110000001111000110
11100000000111110111
00010000110001100101
01010001110101101110
00011101000111100010
10001010100011110010
00010110110010011100
01101010000101010000
11010001100011111111
11110110101100110011
00100000011110111111
11111001110101100101
11100100000101100011
11110100100111110000
10110001010110011101
00000001001111001001
01000110001101101001
10011000000010111101
10001010010001000011
01010000010000010111
11011010100011101100
01000110110101010100
11111100011110100101
01110011100011000001
00111001110101000010
01000001110110010101
01101001011100111001
01000101001001111100
11001010001111011001
00010001011011010000
10000100001111010011
00100110001000011100
00111100001011110011
01000101100010001001
11100010000011110111
11111110001110101111
01011100011000011001
00011101011000110111
00000010110010011100
01101111101001011110
01110010111101101000
01010101011100010010
00110111000111011010
11001101111110000010
11000011000100001111
10101010010100111000
10111111110110101110
11000001000101110110
01011100001101011101
11100111100011000000
01100001011010010011
00010001101111110011
10001001010010100001
01011000001000000100
01100110100011011101
10111011010111010000
00001101100011111110
10111110010110100111
00111101010101011100
11010110011001000001
01100100100101010101
01100100101110111001
01110101011000111010
01101110001001000011
11111001110001110110
10111110001111011100
11011000000111010010
00011010010101101001
01001100000100110111
10110001100000101101
10101001011001001001
11110111011011010100
00111001111000010100
00000000000011010101
10011111111100101111
11001111011110001101
01011101101100000111
10100111000110110110
11000110110111100001
00000000100000100100
01111111110100001101
11111010010010000100
11000111100010101000
01111100101010001101
10011000110000101101
00101101111011110011
00011101001100110111
00101000011100110110
00001001110100100111
00010000000001011001
00001111110100000000
11101001011100011010
01011000110000111111
11010110010100111111
01101011101010110111
11001010010001111000
10000001010110011011
01010110001011000011
00110001101011010111
01100101110100010001
00100111001010100000
00011110010111111101
00100111000110011100
01111010101011111100
11001001011010101110
01000001001010010110
10000100111101111111
10010110111101111100
00101111101101111001
10010100110011100001
01000100011000100110
00010110001101110001
11000011011110011010
01111111110100101100
01101111100011111100
10111111111010010111
11001111100000010111
00100010100000011011
00110100110011110011
11111001001100001101
01011000010100011101
10111001100001011011
11000011010100100101
00100110111001101011
10001101100001010000
01011011110110010001
01001101001000101000
01000100001010100000
11011011101010000000
10011100111110010111
01001001010001110000
00010101111001111001
10100111101001011010
00010011010100100111
10001111010000000100
10110110101010100110
11101000001111001011
11010100011000001011
11100000110110010010
00100001000010111100
00000000111001111000
00101000001100001110
10101111011000010000
00111101110010010101
11100101001011000001
10000010101111010100
01010011010101111010
11011000010110010010
00010110001000110111
11111010011110010011
01000001101111001111
00000110111010001011
11001001101010101110
11100100110001000011
01000100101001000110
00110011100011110011
01000010101101001011
11001011011111110010
00001101100100010111
00100010011101011100
10000000110110111010
00100111111100010011
10100011010110100100
00011100010101100000
01101111111110101000
00111001111010010110
11100000010000000111
00010010010101100100
10101010100011101011
11001111111001111000
11100000111111001100
11001010000111000110
01110001010100011001
11000110000001001100
11010001011111101011
00011100011111001011
01000000010110011010
00111001010101000101
11011011100101110101
00011101100001001011
00101111101100110010
11111000110001010110
10101010001111110100
01110101111100110110
11101001110110011000
00011111001111100001
01111000001000101011
00010000010101100011
11111000110111111110
11000010110110100010
11011001111100100111
00011101111110000101
00000011111100011001
10110101011110111001
01100110101011011100
00011011010000011000
00100011001111101011
10011111110011100101
10101101001111111010
10100101110110111101
01010010001010001100
00101110010100101001
01110000100101000100
11111100101100011000
00111001111111000001
00110010100111101110
00010100011000010101
10000010100000111111
10101100010110101101
01100110110101110001
00011001001110011111
00001001001101010001
11010111110110110010
01101010110100010001
10010000110011000001
00111000110011111100
11111000001011111110
00011111000000111111
00101010101100100000
01001100010011100101
11111101011011111001
00100001111101011101
01101100011110011001
01110000001100000000
11101111010010100100
01111111111111011000
01100111100010000000
11011100101010000010
01111100001110001000
11010010100001011100
01010011001000110101
01101111110001110011
01001101000110101111
00000010011100101010
10111111001101100000
11101000101011010110
00000110001110001111
10110001101101010011
10011001110100111001
01001011111011101110
01111110001011011011
00101001111010000011
00111101010110111110
01100111100010010001
00011010010001111111
11110000101001110011
11011001000110011011
10000111000001011000
10010100011000101011
10101010011010010100
00001001001001011100
00011110111101101110
00000111111100101011
10111100110010110100
00010001110001100010
10010110110000110001
01000000010110000001
10100001110100110001
01100000111111111011
11000101101001110000
10111000100000011000
10000010000111011011
11000100101010001110
10110100000110110111
00011011101110100110
01010001100011100011
10011011100010011101
11110111010000101001
01000000001000000001
01010001000110000011
00100100110001010100
00000010101011000011
00111011010010100010
01000101001100000000
11010000000000000110
10000001001010000100
01010111101010010000
00110000100011110000
01111100000011001111
00100011101110011000
10101001110000101100
00011101011100010111
11110101000001011110
00100111110010010001
10001011010011110000
11100001001001101100
11110001011111011100
11000001110100100000
01011111001110111010
00111000001001111111
00011110010011011101
00001111011011000100
00001110110001100101
01111010100110111101
01010010010000100011
11001100000111111111
01001011110010001001
10001000101001100010
00101101110001001100
00111011010101110001
01101000010011110111
00100100101011000111
01010101101111000110
11101101100110010001
11011011111110101101
11100110011011110011
11110011111110011000
11110011010111100011
11101001000000100001
00011111110010000001
00111001101001010100
11001101111110100000
11110001101111000111
01010000110101100101
11011110001100110010
00100010100010000001
00101111101101000110
10000001011111111100
10111111000101000000
11111100100000010010
00011001101000101110
01011000010011101001
01010000010011110101
11100001101110111000
10010001011110011000
10111110110001100001
01010000000101100101
00101010010110100000
11111011001101001011
11010100111110111111
00010111011111111010
10000110010010100111
11001110000011010100
11010101101110100010
01111000011010111001
01010011111010110001
11100001111001101001
11001010010101101011
11100111110110000001
10101001001110111010
00000000101100101101
11010101001100010010
10011110000111000100
11111000010011001110
11011010010110110001
11011111001001011110
10001100011100101111
00101011111011001111
00100101110011101101
11100101010110011111
01010010100011000100
01101000011000100111
11010100011110001110
10000101111011000001
01010101111100101001
00101110001000010111
00111110001010010111
10100101101011110111
11111001100011111100
00010100010100110100
00100100101010111100
10101100111001010011
00100100001100100000
11011100001110100101
00111010100101110000
01011011000100001101
10010010000011001111
01101000110101100001
10101000111001010001
00011001001000111110
11011000010111010101
11010111000000001101
01100010110001101001
10010101011100110110
00001010010010101010
01111110101100011000
10001111000010000001
00000100101111101001
00101101011110001000
01100010110011010010
00001101001101010011
11001111111100101010
11000001000111001110
10011010000010111010
10110111010111000100
10111111001000111011
00001000010010000101
01111011000100001001
10011001011000010110
01101110110011100001
11001101010110010101
10110011001010110000
10110101011100110010
01111100001110010011
01110011010111001111
01100110010000111111
10000100111010011111
10001011111000101101
11000000001110101110
01000000011000010111
01001110000111000110
10101101101010110010
01101001111011111001
00100010000000111110
11101010100101010110
01111111011011001010
01010010100111111111
11111000100101011111
10000011010011011111
00001110110000000000
10010110010010101010
01100000011010010001
10001111001010000110
00101100111011001011
01100010101101101000
00101011110010011110
01100111001100100001
10101111110111111111
11111001110111111001
10000010000100000110
10001101110101010101
10100111010001001001
00100101000001100000
11100101010000001110
00001011110001101100
11011011111111101111
11011001111100101011
10110100001111011001
00101001001110100110
00110100110110101110
00111010100010000010
10001001000111100000
11101111001011000100
01100111100110111011
00100100111100010110
01110110111001101101
00111000000011101000
01111010011100101010
01011010010000000110
10011111011010110000
01010110111000010100
01000101110010100110
11101000000000100011
11011000101111110101
01011011011100001011
10010101111000100010
01110000000100000111
11000100111110011111
00000001101011101101
11001011110010000100
01001010100010011011
11101101001000100111
11100101010000010110
01011100011101111101
10010101010010011010
01011110001110010110
11110111011001010101
11111001100000000110
00011100111011111101
00010011110101010111
11010101111001100001
01001011111101101101
01000011100011000100
00111101110001011111
10110101110100110001
01010001001001101110
11110000110001111010
01001001100110100101
11111011011000000000
01010000111010110001
00101000001010000001
11101111111101011111
11000000100011000101
01010110110111010111
10101101001101001110
00110111011110001010
11001010100101010010
10101100111111111101
00100111000111100001
00001011100000011111
00000101110101100101
01010101101010011101
11111010010110110000
10110000011101010100
01010001011000000011
10001001100000011111
11001000100101001101
01011010000001000000
00111010010110010111
10001111011100111110
01010111010000000001
11100011010011011010
10100100011001100110
01110010100010100110
10011111011001010010
10000000101011001001
01110000110010111101
01000101100011000100
00010101000100000111
01111011011001000011
11100111100011000011
10000111100000010001
10100110001111000010
11101100000011110110
00110110110000001000
10001011111111111011
11111011110111011111
11110001001010111001
10011100110100000110
11101000000010100100
00011110001100001110
01001001100011010101
00010101011100000001
00110001011011110101
01010110010011100100
10110010110110011111
11000111010011101100
01110101110000111001
10011000001001101011
00111011100001001100
00010111101001000000
10100110010111010011
10110101000110100100
00011111110100111101
01101011101110110011
01001010001010111111
10001111000011110011
11111010011010001001
11010011101110010010
11010101100010011011
00010101001100100111
11111010001111011001
10011111100100000001
00101101101100100010
00011000011011101111
11100010001000001111
11100010000100001111
11000111010111001111
11000101001111011111
10011111000111111100
10001101100110111010
11101001010000000100
00111000001000001011
11110101011001100100
00110100111101010101
01000110100111101000
01001110010101011110
01010101000010010010
10111010111001100100
01011000011110100111
01000011001010100111
10110100001011001001
00101000011001000110
01000001000010011000
10011010010110110011
00100000000010111101
10001011101100000101
10101100001110001111
11110011110011001000
10100011001011010010
10001001001001001111
11000101110010010010
11011001100001010100
10011011101001100011
01101010000110100110
00000101100010000010
10001101010101110110
00110000101011011001
11010110111010111010
00110110111001101100
10011100001011000101
11011011110101100011
00111111100101001010
11110000101001100010
11010011100001011101
11100101101011010100
11101001111011101111
10111001110010111011
10101111100001000100
00101011101000001011
00000010010011111011
00100101000110001010
10100110011010101110
11010100011010100100
10010100001101010101
10011101110001000111
10010011110011011111
11101011010100010110
10010001110110001010
11110111101101011011
00000111011010010011
00101111000101011101
00001110010011111011
11011000010110011011
10011100111001011001
00110001001000100000
01010111000100101100
01011100010000100111
11000010011101010100
11000011111010000100
11011000110111010001
11011011111010100101
00101101100111110100
