00000000001000000000
01001110010101110101
10010000000001100100
11001110111010010111
01011000010111100010
11100110110111011100
11101001110100110010
10100000111111000001
10001110111000110110
10111010100110110111
00111110101110001001
10000000000011001001
01110011001011110100
11011111111110011100
10100011110110011100
10101011011100110010
00011010110001000100
10110110000101111001
00100011100110001101
01010111111110001000
00100001101111100100
11111001100010001011
11000001010100011110
11110011000111111001
11010000110000001111
00111111100100111101
10110010110011110111
10011011001110011001
00110011001110100111
11001001110111111001
01111100001101010101
11110111111111100100
10110101011110101000
00010111101101111011
10100000111001111000
11001110010011001011
10001100111100011011
01101100110111111001
11101100110000100111
01010100100100011110
10111110111011000101
01100011010111111110
01110001101100001111
01000001100000101000
11100011000100000111
11010001000000011111
10111110100110011101
11100101011110110011
10101000100110110001
01001010111010111001
00101111110110100010
00110111110100101100
01110100000111000000
11100011101100100101
10011111110001001010
11011001111110110111
00010001101101101010
01001101010100001000
10110011010101101100
00101001111100111010
01010111011001011111
10111001100101100011
00111001111111000100
11010100011101111000
01110010110111111111
10001100111000010000
01010011011100100010
00100010111001110010
01010110000011000001
11110110001111100101
11000111110110101110
11111010110111111100
11110110010010111110
10101010011100110011
01001010010100010100
10011110110101100100
00001001000100111010
11101100100101100110
10010001001110101001
10010101110100001111
11111000001010101101
01110010000001111001
00111101101100001110
01101011101001100101
11010001011110010011
10011101101100000001
00001101001110100011
10011011011001111011
11111101000110110011
10010111110001010000
01011001101000000100
11110011111101010001
10011100011010011011
11000101001000010010
11110111100011110010
11110111101011001010
11001011010001101000
00010000000111010101
11000111001001110110
01010011011111011000
01011101110101111010
11100111100110100100
11101010100001000110
10111111010111010111
01010111100000010101
11101111001111111001
01011001101010001001
00111110110010111000
00110010011001001101
01100101111011100001
00110000011000111101
01101000100000010101
00010111110001101011
11010001011011101010
00100101010110101111
00011001100111110101
01010011110101101111
11110100010111000011
01001110010111000111
10101110110000001010
11110110001111100011
00001110101110101011
01001111000001001110
00010001010100111011
10100000011000000010
00101100100010010010
11010110111010101110
10110001011011111000
00111011011100010011
00101101011001101110
01100111000100011010
10010001010010010111
11111111100111110111
11110001101010110010
00011111010000111101
10011100011000110001
11110011111011100001
11110010111000110100
10001011111110111100
00110100101110101011
10000010011111001100
00110100110100000111
11110100100110100011
00100111000000111110
01110010000110011111
10011111111101011011
00111101110011100100
11110011111011011000
11011011100110000000
10000110100010100010
01001010100010000011
11101111001100001100
01111111010001110101
00101000111100010101
01101100101110100110
11010110010110011111
11110101000100101011
01000110011100100101
11110110010010000010
10101000111101111101
01011001100010010110
11110111010101010011
00000100110100111101
11001010111000010100
00000100101111111000
10010101000111110000
00101001100111010100
01001100011111000111
00000110010101011101
11110110010111100000
00101110001001010000
01001100011101000101
01011011111011100011
11110000000110000111
10110001100100101100
10111100010101011100
00000000001101110011
10011010101010110000
11010001010110001010
01000101101001110001
01101000111000001110
10101111001110100100
10111001111011101001
11010100100110011101
00100110001010110101
01110001100110000101
10000111100001110111
00010001100010110100
00100101101010001110
10010011100010100101
01110100011000111110
00000110101000000100
01100100011101111001
00000101110011011001
10000011011010010000
10110000111010000101
10101110000110110000
11110100111100110000
10111100101001110001
00011100010100001001
00000111000011010111
11110110111010110100
11110000101010110101
00100010010111100000
01100101100101011110
00101010010110011010
11011101100111000100
11110010010100111100
11101101001101010010
11111010000101100011
11110110100001111101
10101001010000011000
01101110111001111001
00001111100010001101
01101000011101100100
01111011111101000000
10111011100100110001
01011001001101000101
10110100011111100100
00000010000101010001
10000110001110110100
10110001011011011111
11101101001001011001
10000111010010011010
00000101000101111110
10000000101011001100
11000010111100000110
00011101010000101110
00111111011110101111
10010000101010111111
00111010000011100011
00101111011101101110
10011101000101100100
00111111001101111100
01101110001010110000
00101010000010100101
00010100110100100001
01010010011100110001
00011100010010110000
11110011011101011100
10010001110010100101
01101001001111101111
00101011000000010101
01000010111110101000
11011011111000001111
01101000100010011101
10011011010010110000
11100110000001101100
11100110000010011100
11010000100100010001
11100011110101101110
00110110011000010011
01100010111000011111
00100011011001011111
01000110011111000111
00000000000011000111
11110101011111010111
11000111101110010010
01000010111111010000
00100101011011010111
01100111101011101000
01111011101001011110
11011110100011111111
10001011101001101000
00011011011011110100
10010010101000111010
10000110100011011100
00000101010110101101
00110111100110000010
00111011000010001011
11100101011000010111
01011110100110110010
10110111000110010000
11110011101111011101
00111100010100100000
10100110110001101101
10101001000010000110
00011110100101010001
01110101001001101101
00010011100010110110
11000000100101011011
00111010100001110010
11100010010110001010
10101000101110001010
11000001101111100101
00111000010001010001
01000001100000010111
01001100111001101011
10001101001111100011
10101101001110010101
10011010000111101000
01100000100000101110
11011001010000010011
10101000011100000111
00010101111010011110
00100001110010010111
01110111100011101101
11000011101101111110
11001001001000000011
01110000101000110101
00101011010100100011
10001111010010010010
00011111111010010001
00110110001000111100
01001010001000000010
00110110010110111100
11010101001001111100
00111101000001011010
01010001101101100001
11011001111011111000
11011010110111100110
00010010100111100110
00000110110100000101
10010010001101000111
11000100111010001010
01000110011010000111
01001010111111000110
00001001101111010010
10001001000111010011
10101001110011111110
00010011011011011101
11111110111011000100
11110101011111110000
10001001010001011101
11000110011000110010
10111011011001100100
10011101101101000110
00101001110100001101
10000100101100001001
11011000101111011101
10111100100101010110
10110000010101101001
00001011101100011100
11111001100000001100
11011000001101010111
01010011001010010011
01001010011111110001
00111100001111101111
00100001100101011101
11111100100011010111
10111110010010110010
00010111101011010110
10110011111000111000
10010001111000110001
01111101001100011010
10011000010110101100
11101000111111010011
00000001100110010101
01110010000000111011
01011110010011100101
11011000010000011011
01111101101111100001
11001101000111010101
00000111111100001010
11010001110011000010
10100010110011011101
11101100101111010110
11101011010111000111
10101010000001101011
11000001111100111100
01010101110010100100
00010011000011000101
11010111011010001100
01000000101001101001
01110010111000011000
00111101010010011101
10110001101110001000
11111011101111001101
10000011101111000010
01010110111010011111
00000110001111001101
10111000011000100110
10011011101000011110
11000001010100111010
10100010100010100111
01011010111111111101
11000110101010010001
10000000101111011100
11101010010101111101
10110011001101100000
10100111000101001100
00101101010111001011
00010111101001100111
10010101110001000011
01000111101100111111
10101011111010100001
00101001111011111101
00101011000000000100
11001100110110011010
11010001110101001011
10111111101100010011
00001000111000000010
00100100101101110010
00111111101101001000
10110011110011111010
01101111010001011100
01111000011110100000
00011000010010111011
10110100011010101110
01011010010100001110
01000100110001111001
00111011111010100010
00010110011111000001
11000110100000011110
11100001111011001001
11010101100110110001
10110000110011101110
00100001111011100010
01101001010010111110
01000010111000001111
11001100111100101100
11001101110100101001
11000111010110110100
00010001110010010111
11010110011010000100
00011010000100100000
11000111111011011111
00110100001101011001
00001011001000101010
00111001110100101000
10011100001110010001
01001001110110011011
10011001100110001001
10111011110111010111
00100100110111100111
01111101000101010000
10001000000011011010
10011001111110101000
01101110101011000011
11111111101111111010
10111110111000000101
10010110010001101111
00010110001001101000
10100101011111111111
11011001000000110000
11101110110100011110
10110001001000110101
00001111000001000101
01001000110101100110
00011001010101110111
01111100101010010011
01110001101001001111
00110011100010001101
11110111100110011111
01001011001010111110
00010101011100001000
00110110000110001101
01110000011011001010
01100100001110010011
11011010101110101000
11010001001000100100
01110101010000000111
10110000011110100100
00101010100001110000
00000010101001000100
11101110011101110001
10110011101011010001
10111011110111000101
10110001011111101101
00000110011011110010
00001110011010100110
10110111001101111100
00001010000110001011
00110001001100101000
01011000010111100100
11111110010001100010
10011000111100010100
01100100101001000111
00001100100010111011
11001101000110100010
10010101001011000011
00111001001011001001
01000100010111100101
11011111110100110001
00101111111110101100
01001000100101000101
01011010111001010110
01010001000010110100
01111101010010010101
01110100010110101000
01100010100000101100
01111100111010011101
10111011010001010011
00100010001001100000
10000001110101011100
01011001001100001110
10010011110010011011
10101111000000010011
10101110001110000111
00000000001001111011
10011000001100010010
10010111010100011000
01011001101110011111
01011001010010110111
01110111001001110001
01000111000001100010
01001101101100110101
00010010110111100010
00101100101110100001
10011100110011111011
11111101011010100011
01101010010010110010
11100000111000111000
01010000001001100101
10110100010001010000
00001110000111111011
00010001101001011110
01111100000110101101
11001000010011001000
00011110001111011111
11101011101011011100
11001011001110010011
01110000011101100001
11111010001011110000
11101111000110000000
11101101011110001000
00101011100010001101
01010011110100010001
10111101011111001010
11111001001001011010
11001011111101110100
00000110010001100101
00001011011100101100
11000110011010111010
10101011011111101001
01001100100111001001
01010100001110110001
11011101010100000100
11100001101000010110
11110100111001000101
01010110011101100101
11011000111011011101
10110100111100100011
01110100001100100110
00011000101111110101
01010011010111100011
10110101000100011010
01101100101111010001
00000101111110110101
11101100101101111111
10100011101011010101
01000010110010111111
10011011101010100101
10011111001100101111
11001101110000001010
11100000000100101111
11110100111110110100
11111111111010001110
00101100101100100000
10001001110110100111
10001010111110111011
01111001001100010010
00100001001110110011
10001101001010100011
00101110000101001011
01111100110001111110
11111101000101011000
01001010101100111110
00000010100100011000
00011101111010110111
01110100001010100101
11000000111010010000
10100010111111101101
10111110100001101111
11100010101100101000
11001100000010001100
10001001111111011110
11011100100011100011
11010100101100110101
00111111111011100001
00100111101101100101
00110110101111111001
00111110110010100000
01110110110010011111
00001011100111110110
00101100010001110110
01100010101010110010
00011111100100011101
00001000101000000110
10111011110010001100
00111101100111100001
11010011001110010110
00101000110010101110
00011010100011111000
01110010110110111011
11001000010000110010
00110010011010000010
11111101101101011011
11001101101011110000
00101001101010001110
00111111000010110011
10101101110101101000
01000111111110011101
10001001011111110100
00110010101011011000
01100111111110110001
10111000111110101110
00100010101101001011
10010000010011011101
00111100100010100110
00010010011111101101
00011100001100010001
00000101010110010111
11110000110100100111
11100011111010010010
10110011110010001000
01000010111100101010
00100110111111011110
00101000001000001100
11110000101000010110
11000101100011000000
01010100001110010000
01000000010100100001
10011000001100101101
00001110111110100011
01001111100010001010
10110011010000000010
11001011010101101001
00000110010000100010
10111011000101000111
10011010101111111100
00101000110011000010
10010111001010011011
10111110111111000111
11011011110111000110
00000010001001010100
11101110100110010001
01011100001001011111
10110011010011001101
10101001010011011011
01001001001110100000
11100010010111000100
01011010010010001101
00010000011110011000
00101101101010100001
00110110110100100100
10100100110011001100
00010011111100110101
11111101011001101100
01000100101101111110
11010101111011010000
11010101110011010010
10110100110111000000
01000101000011100001
10101110111100001001
11011001110001110111
01011011000011111100
11011110001011111100
11001110001011001011
01011010101011010110
11100000010110110100
00011011000000010101
11100001010101010001
11001110011111101100
00111111101111000101
11011011101100011000
01010001001111110000
11111010101010010010
11110001011100100110
11001100001001111011
10010100100001111111
10110110111110000111
01110101111110010101
00010001001110100100
10010110110101000100
10011111100001010000
11000001000110101011
00101111011011101101
01111010100011110010
01000001100011001100
10100111010000100000
10100101001001000010
10001100110010001110
01010110110010101011
10111001100001101000
10001001010011000010
10101000011001100101
01110011101001001110
00000111000100101100
10001100011010010000
01111011001110110101
01110001011000011001
10100101111011000000
10000001101111111010
00001011111110010110
11010110000001111011
10001000010110000011
10001001111010001001
11001110011101000110
11101000111010100011
01000000101000011110
10011000111010100010
10100100010001110101
00000011101001010010
00000110101010000101
01010101000100111010
10100100111011010101
00100101111001110011
11111011110100000010
01010000110111001100
01010000000101111011
10010001001110000111
10011100100011110110
11100001111100001000
11110111011001100101
00110000111111000111
11010100110011001000
10000110110010001101
10000010010100000010
10111111100000000001
00010001000010011110
10000110100111010111
11000010110011111010
00001011100110110010
10100111010011010101
11010010001010011001
01110100011000011010
11111001111110110011
00110100111000100110
01100011111010001110
10011100111011111001
00111001001110011101
11110000110101101100
10111010011110011101
10011110100111111111
11100010110110001011
01001011110001010111
01100110010101111100
11111010100110101000
00110101001001010101
11100101101111100110
11100101011001111110
11100000100011011001
11010000000100010101
10101000010101111000
11010111001010001011
10101110110100001000
10111001010000000001
01100000111111111101
01001110100010111101
10011101100010100010
11011111111011111000
10001000000001001100
10100010001110111101
11001001001010111011
00110000111111010110
11100111110001011011
10010100000011001010
01000110111110001101
10001001011000001111
10100000001111011111
10111110010101101101
01010001101100110001
01101011011010001110
10110111110101110010
10100110101110000111
10011101011100001011
10110111000001111111
00100011100001110000
10100111001101011010
01010100100110000010
01111100011001001110
10001001100110111101
11100100111011011011
00001011111111111001
01111101010000100100
10010111100011000111
00101000100110100100
01011101111100000000
11111111010011100111
00100110011001101001
01010101101111110110
01100111000111110100
01101000101000110000
01001010111111111001
00001101001010010100
10101100010111000010
10110011100110011111
00001111011000000001
01000111111011011110
10101110011100111011
01011110001110111101
00001100010010101100
01101100000110011010
01011000010101011010
11001001000001010100
10001101100010010110
11110110000010001001
10110000001010111111
01101011110011011110
01100100101001111101
11100001100101111100
00111000101001111000
00011000111100011111
11001010011011111000
11001100000110010101
11101000100100011111
10010100011000011000
10100100110111000100
11011010001000001101
10001000011100011011
10111100011110000011
10100101111000111100
01000100101100100001
01011010000100110110
01101111101111010001
11011001000100110001
00101000000010101110
10011110000011111111
11100010010001010011
01101111100110000101
01111010110010111011
01001010111010001111
00100111111001111101
00001000000010101010
11111111001111011100
00111001110111000101
11100101101000001010
01011010011100001010
00111100110000010011
01000001000111011000
10101001110101011010
10100101100000011011
00001011011111101001
01001101101110100110
01000001100011000000
11011001001101000111
10100111000110011011
10010111011100110010
11101111101101111010
10111111101111100101
00110010111010000101
11001111100010100101
10001011110111111111
01011110001000011001
11001111011000100000
01000010110110011010
10110000100000011010
00101000011101011001
10110111001010010101
11100001010110110011
10111001011010110111
00001010100011101110
10001011000011011111
11101010111001101011
00000011100110000101
11100001101001001010
11010011001011011001
01000010111110010111
11001001101100000011
11010001110100001111
00000011111001011001
10101100100111110010
01010001101101011110
10100010101101101110
00101111110111000001
00111110011101010100
01010101101100011101
00010100011100010010
01000011110111100110
11001010100000001100
11111011101011001100
00101100110010111011
11110000001010100110
01100111010111111010
11000000101011010011
11000000001101010111
10011111100101010010
00100110010110101111
11000000111010000010
00100000011000111111
00101101101101000100
00000000011000111101
10110010101011000111
10100011000111001001
11110101010111110111
00010111010101111100
00110111110111011010
11011101010101000101
00101010001011000010
11110100000001110010
10000011011001100011
01011000110001111110
11111011001011101100
00010111101010101101
01011101001011010101
10011100001101001100
00000100010111100010
10001010110111001101
10000000001101000010
11111000111011000100
00111100101001110110
01000011000000001001
10111101000100010010
00000010101010110100
10010001011100110001
00000110110001000110
00111100000001100001
00111111001000110110
11001010101011111000
01101001110000111000
01101001111100101001
01110100111011000101
00101011010101100100
00011110111100101100
11111011001110100011
00100110100101111000
01000011010110001110
10000000001111100111
10101110000011001111
00011101111100001011
10111001110011000101
01010010010000000100
11111100011100000110
10011001101101010011
01110111010001100110
11101101001100100101
10011111000001001001
11111101010111001111
11101110001110001010
01101000001101100000
01010001001111110000
00110110000001011011
11011001000001110111
11001010100101110101
01100100001000010000
01011001010001110111
10011000011110011000
10011011000111101100
00001010101101110010
10110001111110011000
10000110001000101111
01000110101100000010
11111110111101010110
11111100110000111101
01111100010110001011
10111100001111001111
10100101001000111100
00111110101000100010
01000001111100001000
00010100000101000111
11010000001111011101
00000000110111011101
11010001001110010010
11111000111110110010
10011100001111101001
01111000110010101000
00101111110001001101
01010000101011111101
10011101011110000101
10001000000001011011
11110010010110110100
01010010000001100101
01111000111001110010
11110110101001000101
10001011111001011010
10011110111110101100
00101111111110000111
11011010000111000001
10000101001001000000
11111101001000011100
01001001000100101001
00111110110000101110
01111110010100100000
10001001001010110011
10011110010101100101
11111000100000110010
10000100111100111011
00001001000110100110
00001111000011110010
01010010111100011110
10010010101111111101
10100111111110001110
11011111100010011110
00111001001111000100
10110101101010101001
01110011001110100000
01001001101001100110
00010001001011000110
01010010100011100000
11001000110111100110
00110100010111111111
01000111110001110000
00011111110100111101
01101001110011101111
10000110011011001001
00000000011001101110
10110000101111000111
00111010011100011110
01111100110100010101
10100101010010100110
11010100100101000101
01000000011111100101
11101001110011011000
01101111110100110011
11111101111100100111
00001111000010100111
11010001011011000010
01001001100011111110
01010100110010100011
