00000000000000000000
00000000000100100000
00000001000000000000
00000000100000000000
00000000000000000000
00000000000100100000
00000000000000000000
00000010000001100000
00000110010111010111
00000101110011100111
00000011111010010011
10110001010110010111
10110000001110100111
10110000001011100111
10110000001111001100
01110001110101000111
00000010011100100011
10001101010110000111
10110111011000010110
00000011100110000001
01000101100110100000
00000000000001100000
00000000000000100000
00000000000000000000
00000000000000000000
00000000000000100000
00000000000000100000
00000000000000000000
00000000000101010000
00000000000100110001
00000000000000000000
00000000000000000000
00000000000000000000
00000000000100100000
00000100101110101111
00000100111011111100
00000100100111011001
00000101100010000000
01010000000101110000
01110101101100111001
00010100100110001010
01101111011010000001
00000000000000100000
00000000000000000000
00000000000001000000
00000000000000000000
00000000000001100000
00000000000000000000
00010000000000100000
01000010100000000000
00000000000000000000
00000000000000000000
00000000100000000000
00000000100000100000
00000000000000100000
00000000000000000000
00000000000000000000
00000111011011110111
10000000011110101101
11100110010110000100
11011000000111011001
11001000000100101010
10111000101100111011
10011010010000011010
11011111011010101010
01011001101100101101
10011001011000101111
10110000000001100011
11011111000000011110
11011100000110110000
10110110010010101011
10111000100101100111
11011000001111110101
01110100101011101110
01110100101110111110
01111011001110011010
00000000000000000000
00000000100000000000
00000000000100100000
00000000100000100000
00000000000000000000
00000000000000000000
00000000000000100000
00000000000100000000
00000000000000000000
00000000000000100000
00000000000000000000
00000000000000000000
00000000000000000000
00000000000000000000
00000011100010111001
01110100011010101101
11110101100001001010
00111100101011101010
11101011101011001010
11110111100111010000
10110100100101101010
11100100000101100001
10101100101000011011
10101100100001011011
11100010111001101110
01011000000100100000
00000000000000100000
00000000000000000000
00000010000000100000
00000000000000000000
00000100100100000000
00000000100000000000
00000000000000100000
00000000000000100000
00000000100000000000
00000000000000000000
00000000000000000000
00000000000000100000
00000000000001100000
00000000000000100000
00000000000100110000
11010000000000000000
00000000001000100000
00000010100001100000
00000000000100100000
00000000000000000000
00000000000000000000
00000010000100100000
00000000000000000000
00000000000000000000
01000010000000100000
00000000000100100000
00000000000100100000
00000000000101000000
00000000000000100010
00000000000000000000
00000000000100100000
00000000000000010000
00000000000000000000
11010100100111100000
11011100100101110001
11011101010000000101
01011101011000100000
10000000011110101101
11110000001011000111
11100011101011100111
00100100101000000111
00001011101100101111
00101101010111001010
10000010010001010010
00000000000000000000
00000000000001000000
00000000000000000000
00000000000000000000
00000000000000100000
00000000100000100000
01010010000100100000
00000000000000000000
00000000000100100000
00000000101000000000
00010010010001010110
01000010101000000111
10110110101110001100
11110101001101011110
01101011101100111100
11010101010100111010
11010111010001011110
11101001110111001101
01110000001010110110
00000100001101001101
00000000100000010000
00000000000000000000
00000000000000000000
00000000000100100000
00000000000100000000
00000000000000000000
00000000000000000000
00000000000000000000
00000000000000000000
00000000000000000000
00000001100000000000
00000000000000000000
00000100100000100010
10110111100100110000
10110110010010111010
11100111001111000110
11100000001011100111
10110000000011100101
01011100110010011100
01011111010000010111
10110000000011101101
11110000001111000110
11100000001011101101
11100001010111001101
11101011001110000111
10110000100110011101
11011011100101100110
10110100001111001111
00110100101110001100
10110101001000011010
00011110010011011110
11011110100001011100
10011001100011111011
11110111001111001110
10110000001011100111
10000001001011000101
10110100111110011101
10110110111010110100
10110000001011000110
11100100001101101001
11101110011100110001
11010010010011100111
10110000001111000111
11110000001011100111
11100000001001000111
10110001110111010111
00000001110011111011
00000000001100100010
00000010000000000000
00010000000100000000
00000000100000000000
00000000010000000000
00000110010111001110
10000110100100001001
10110100100111001011
01010110111111100111
00101100100010111001
10110100100110101011
10111001110110101010
00011001011011100010
11000001110011111011
10111000001011110111
10110000001111000111
10110000001111100111
10000010000000001010
00000000000000000000
00000000000001100000
00000000000000000000
00000000000000100000
00000000000001100000
00001000000100100000
00000000000000000000
00000000000000000000
00000000000000100000
00000010000000000000
00000000000001110000
00000000000000000000
00000000000000000000
00000000000000000000
01000000000000100000
00000000100000000000
00000000000000000000
00000000000000000000
00000000000000000000
00000000000000110000
00000000000000000000
00000000000000000000
00000000000000100000
00000000000000000000
00000000100000010000
00000000100000000000
10110000001111101110
11100000001011000111
10110111000110011010
00010100001110011100
00011100100010001100
00000000000000000000
00000000000000000000
00000000000000000000
00000000000000100010
00000000000100100000
00000000000100100000
00000000000000000000
00000000000000100000
00000000000100100000
00000000000000000000
00000000000000000000
00000000000100100000
00000000000000000000
00000000000000000000
00000000000000000000
01000000000000000000
00000000000000000000
00000000000000000000
00000000000000000000
00000000000000100000
00000000000000000000
00000010100000000000
00000000000000000000
00000000000101100000
00000000001000000000
00000010100100100010
00000010100000000001
01111010000110011011
01011001101100110000
11001010100011110000
11100001010010110101
00010110011010001111
11010000111011110111
00000100110111001110
00000110110111001110
00000100100011101100
11101010111101000000
00000000000100100000
00000000000000000000
00000000100000000000
00000000000000000000
00000000000000010000
00000010100000000000
00000000000100100000
00000000000000000000
00000000000100100000
00000000000000000000
00000000000100100000
00000000000000100000
00000000000000000000
01000000000000000000
00000000000011100000
00000000000000000000
00000000000100100000
00000011100011011001
01010011100100111000
10110101110000001011
00111000001000000111
10111001110100000101
01100001101010110010
10000110010000110000
01101100100010110011
10100000000011000101
00000100100010001110
10110000001111100110
00101110110101011101
01011010010110001010
10011000001101111101
00000000000000000000
00000000100000000000
00000000000001100000
00000000000000000000
00000000000000000000
00000000000000000000
00000000000000000000
00000000000000000000
00000000000000000000
00000000000000110000
00000000000000000000
01000010000000000000
00000010110001111010
00000000000000010000
00000000000000000000
01000000000001100000
00000000000100100000
00000000000000100000
00001100100110000100
11000010000000000000
00000000000000000000
00000000000000000000
00000100100000000000
00000000000000110000
00000000000100100000
00000000000100100000
00000000000000000000
00000000000000000000
00000000000000000000
00000000000000000000
00000000000000000000
00000000000000000000
00000000000100000000
00000000000100000000
00000000000000000000
00000000000100100000
01000000000000000000
00000000000001100000
00000000000000100000
00000000000100100000
00000000000000100000
11000010100100100000
00000000101000000010
00010000111001100000
00111111101111000000
01110000101000101010
01011000000101000000
00000000000000100000
00000011000010100011
00111001110001101010
10110000010001011101
01101010110101101101
11110101000100110101
10110101010000011001
10010101100100101000
01110110101110001110
10110111101100111100
01111110010011110101
11011001011011101001
11011001001011011101
10000101110110110011
00011110011011100111
00001100101111101101
00101101010110101110
10110011110100100111
11000110000011101010
10110000001011100111
11100000001111000111
00000000000000000000
00000000000000010000
00000010000000000000
00000010000000010000
00000000000000000000
00000000000000000000
00000000000010000000
00000000000000100000
00000010000000000000
00000000100000000000
00000000000000000000
00000000000000000000
00000000100000000000
00000000100000000000
00000000000000000000
00000000000100100000
00000000000000000000
00000010000000000000
01000000000100100000
11000111000110000000
11011000000111111010
01011011001111110011
10110010001011110101
10111111011010110000
10110101000100011011
10011001001100011011
11100110110100110001
11100110111100111001
01010010001110000111
00101101110111001010
10111111010011100010
00000101111111011100
10100011101111001111
10111000010110100111
00110101011001111100
00000100100110011110
01110010110011100111
01010111011100101111
00000000000000001010
00000000000100100000
00000000000000000000
00000000100000100000
00000000100000100000
00000000000000000000
00000000100001000000
10111101010011100010
11110100101101110011
11101001110110010101
01111011001110011011
01110001010001000111
10110000001011000111
10110000001111100111
10110000001111000111
10010000000111111001
00000000000001100000
00000000100000000000
00000000000001110000
00000000000100110000
00000000000000000000
00000000000000000000
00000000000000000000
00000000000100100000
00000000000000000000
00000000100000000000
00000010100000000000
00000000000000000000
00000000000100100000
01111111010011100111
01110100001011101110
01110000101111000111
01110001100100000010
10110000101100110110
11100100100100011011
00101000000000110010
00000000000001000000
00000000000001000010
00000000000000100000
00000000000000000000
00000000000001110000
00000000000000100000
00000000000001110000
00000000000000000000
00000000000000000000
00000000000000100000
00000000000000000000
00000011000011000101
10010110011100101111
01110010110011100111
01110100101110111110
11001101100001000111
10001011110010000111
10111101110000000111
11001100110000000111
00000000001000100010
00000000000000000000
01000000000100100000
00000000000000000000
00000010100000000000
00000000000000000000
00000000100000100000
00010000000000101000
11101011100100111101
11111111011110001000
11110110101111001000
11001011000111011100
00000101111110010100
11100011001011010110
10110000001101000111
00010110011111101110
01100110101100101101
10100000000011101111
10101011010000111100
00010110100111001101
10101100011000011011
00000000000001000000
00000000000000000000
00000000000000100000
00010100100001100000
00000100100100110000
00000000000000100000
00000000000000000000
00000000000000010000
00000000000000000000
00000000100000100000
00000000000000000000
00000000010001000010
11011011111010001010
00011011111111000011
10000010111011111101
01110111010100111111
11011001111100101001
10110000001111111100
10110011110010010110
11011001101110100000
10111010011010010000
01011001011111010011
01101101011110100000
10111001110000101110
10011001111101101110
00000000000101000000
00000000100100100000
00000000000000000000
00000000000000000000
00000000000000000000
00000000000100100000
00000000000100100000
00000100100110100110
10101100100000000011
10100001011010011100
01011111001000001100
01010010011001010000
00000100000010100000
00000000000000000000
00000000000000000000
00000000100000000000
00000000000000100000
00000000000000000000
00000000000000000000
01000000000000000000
10000001000011111001
00000101101110011110
00000000001010000111
00010110101110001110
00000100100011101100
00000100101110001100
00000100100111011100
00000100111111011110
00000110101011111100
00000110010111111110
00000100111110001110
00110001010001100000
11000110100100000000
00000000000000000000
00000000000000000000
00000000000000000000
00000000000100100000
00000000000000000000
00000000000001000000
00000000000000100000
00000000000000100000
10000010000010000000
00111000001100111011
11011011110000001110
00000000000000100000
11100000110100010011
00000101110111011100
00000101010001011110
00000100100000000000
00000000000000100000
00000000000100100000
00000000000000000000
00000000000100100000
00000000100000100000
00000000000000000000
00000000000000000000
00000000000000000000
00000000000000100000
00000010000000000000
00000000000000000000
00000000000100100000
00000000000000000000
00000000000000100000
00000000000000000000
00000000000100100000
00000000000001000000
01000000000000100000
00000000000000100000
00000100100100100000
00000000100000000000
00000000000101000000
00000000100100100000
00000000000100100000
00001111101000010111
00000011101010110011
00000000001000001010
10011101110000000111
11000001011111011011
11001001011011110000
00010110100100100000
00001101111110100000
00101101111110100001
11101111011011000000
11011110111110100000
01011010001010101001
11001101000001101101
10111111111000000000
10110100111111011011
10011110011010000010
11010011010000111100
10110000001010000111
10110000101011100111
01011110001000110111
01101101110010010010
00101111011111000000
01111100000000101011
10111111011111100000
00111101011011100000
10110000111001000010
01111000001110111110
01101011110111001010
10110111001000011001
10000100111100001000
11101001010111101111
01110101111100111110
01101010011000010001
00101010110111111111
10110000001010111101
10110101010000011110
00101001001101011110
11100101010110000000
10111011110010100111
10000100111100000101
11011000000111101101
01110101001100011010
00111100101110111010
11100100000000000011
01101001010101101110
11011011110100101110
01011010101101111010
01110001110100111000
01010110111000000111
11101001110100100111
01111111111100110100
01011001110100111110
00000001000011000000
00111001011100111100
10110111001101000111
10110001011010010101
00111011111001000000
00001111000010110000
00000101110110011110
00010111100111000000
00000011110111010011
00000110010111011110
00000110111101101101
00000011111011111011
00000011111010111001
10111100010010111011
11001101010000000111
10110000001010100111
10110000001111100111
10100001001111000111
01110100101110001110
00000001100100100000
00000100100110001110
11111001010111000111
11011011101110001001
00000011110110110000
01011000001110111001
00001011011111001011
00000000000000000000
00000000000001100000
00000000000000000000
00000000000000100000
00000100100000100000
00000000000000100000
00000000000000000000
00000100100010000000
01010100101011111100
00000100110111011110
01101101011111000000
00001000111101110000
11101111011010100000
10110101101010101010
11110011111000011100
00111011000001101001
01000000011000000010
00000000000000000000
00001010101001010000
00101000111011111100
00110000010011000111
00110011110101101011
10110011111110011100
10110001010000011110
10011110110000001110
00111100111101000000
10001111011010000000
01010000001100100000
11011011100111000000
11001011111110101011
01111001010100101100
01101010111101001101
11011110111011110111
00000110110111101010
10101111011011000000
10111111111101100000
01111100101100111110
01011010010001001010
00000000000000000000
00000000000000000000
00000000000000000000
00000000000000000000
00000000000000000000
00010000000000000000
00000000000000000000
00000000000000000000
00000000000001100000
00000000000000000000
00000000000100100000
00000000001000000000
00000000000100100000
00000000000000100000
00000000000100100010
10000111111111011011
01110001111001110000
11100011111100110100
11011101011000101111
10011010110100101010
01111010110100101101
10110011100110000101
01101001110100010000
00101010010110001100
00111011111011100000
10110011110011100000
10000001100111011101
10000011000000010000
11011001001111000000
10011010111101010100
01101011110111011011
00110010010010000111
11100011001010100111
01110001001100111110
10110111011100011001
11011101000100111101
11100010000001000001
01101001010001100111
00111001001100101010
10110011001101111110
01101111010011100111
00001111011000000111
11011111000101000111
00000000000001100000
00000000000100100000
00000000000000000000
00000000000100100000
00000000000100000000
00000000000100100000
00000000001000000010
00000000000100100000
00000000000000000000
00000000000100100000
01000000100000010000
00000000000000000000
00000000000000000000
00000000000000000000
00000000000000100000
00000000000000000000
00000000000100100000
00000000000000000000
00000000000000000000
00000000000000100000
00000000000000000000
00000000000000100000
01000000000000100000
00000000000100000000
00000000000000000000
00000000000000100000
00000000000000000000
00000000000000100000
00000000000000000000
00000000000000100000
00000000000000000000
00000010100000000000
00000000000000000000
00000000000000000000
00000000000100100000
00010000000000000000
00000000000000000000
00000000000000000000
00000100100100100000
00000010100000000000
00000000000000100000
00000000000000000000
00000100100100100000
00000111001111011110
00000100101110001110
01101111000111000000
10111011110000001101
10111011110000101101
00110001010000011110
00111000010011111101
00101100001011101110
01101011011110010000
11011001011110000001
01011001001100101000
00000001100000000000
10110010000110111001
00111011010000011110
00010011001101010111
00000000000001100000
00000000000001100000
00000000000000000000
10010011100000100010
10110010110010110100
10110100100011100001
00000110011111111110
01010100001110001110
00011110011011110000
10110101001011100000
11011000100110101101
00000100100001100001
01011010111111011011
10110101100100111011
10101011001111000010
01110010011011100000
00000100100100100000
11100001001011100111
00101010110010110111
00000010110011010111
11011101011000000111
11001100100000010100
11001011101010100111
11011111000000011100
11001001110110001010
10101111101011100000
11101110011010100000
00000111011101111011
00011111011000000111
01111100101010011010
00101111101010100000
10101111100011100000
00000001000110010000
00000110110100100111
01110011000001010001
11110110101101100111
10111001001101110110
10111000001111100111
01000010111000000010
11100000000011100111
01101000000100111110
10100000011100000000
11110001100101010000
10110000000011000111
11010101111001010111
10110111101100111001
11011001011000001011
10011001001111011001
00000000000001110001
00000010000000000000
00000000000000000000
00000001000001010000
11011100111001100111
00000010100001010001
00000000000100100000
00000000000000000000
11001001100111111001
00010111001100111110
00000000000001011000
00010101000111111100
00000000000100100000
00000000000000000000
00000000000000000000
00000000000000100000
00000000000000000000
10100011101111000101
10100101011110100000
11001000000011111101
01011100100011110000
10100110100110000100
01000010110101010100
01011100100111111100
01101110010111010001
10011101111100001011
11110101000100111011
01101001111001101110
01101010111111001000
11100110101011101100
10011101110000001101
01010100101110001100
00000111010100111111
10110110010000011001
11101100101000010111
01011100100111000000
00000010000000000000
00000100000000010000
01110010111011111111
00000111111110011110
11011010000111111010
00000000000001001001
00000000000000000000
00000000000000000000
00000000000000100000
00000000000100100010
00000000000101100000
00000000000000000000
10000010100000000000
10111010111001000000
10110000000111001111
00000001011001111110
11001110010000001110
00000010000000010000
00000000000000000000
00000000000101010000
00000000000001110000
00000000000100100000
01010100100101100000
10110100101101000011
11100010011111011101
10110010110000010111
01110000010010010110
00000101011111001110
00001101010000000111
01011000011100011011
10110000001111000111
10110010101011000101
11110000001011100111
11100010011011001101
10111111010111100000
01011010111011111001
00000000000000000001
00000000000100101010
00000000100000000000
00000000000000000000
00000000000100100000
00000000000000100000
00000000000000000000
00000000000000000000
00000010000100100000
00000000000000100000
00000010100100100000
00000000000100000000
00000000000000000000
00000000000100100000
00000011100000100000
00000000000000000000
00000100101000010110
01101000101111011011
10111111011011100000
10111111011000110000
10101001110111001101
00110110011111011100
10111111101101110111
00000101001010111110
11101111011010100000
10111111011000011001
10010001101111110101
01011100100111010100
10101101100011000010
01011010000101010000
11011100100011110000
11011101101100100101
10110000010010011111
10110000000111001011
10110000101011000111
10110100101111000111
10101110111000100000
11100111010010110000
10110011000101100000
11000000111100110011
10110100000100100011
10111011111111000000
11101111011010110000
11110011101101011100
00000000000000000000
11011100100001000111
00111110110001010101
10110011110000011110
11110111101100101111
10000001000011101101
10000110100100100000
00000000000000100000
11000000000000000000
